"S"	"R2"	"X1"	"X2"	"X3"	"X4"	"X5"	"X6"	"X7"	"X8"	"X9"	"X10"	"X11"	"X12"
4	NA	0	0	0	0	0	0	0	0	0	1	0	0
15	21.8	0	0	0	0	0	0	0	0	0	1	0	0
1.7	17.7	0	0	0	0	0	0	0	0	0	1	0	0
26.5	26.5	0	0	0	0	0	0	0	0	0	1	0	0
11.1	18.9	0	0	0	0	0	0	0	0	0	1	0	0
1.2	1.2	0	0	0	0	0	0	0	0	0	1	0	0
23	33	0	0	0	0	0	0	0	0	0	1	0	0
37.3	37.3	0	0	0	0	0	0	0	0	0	1	0	0
90.4	558.2	0	0	0	0	0	0	0	0	0	1	0	0
94	391.9	0	0	0	0	0	0	0	0	0	1	0	0
51.7	56.8	0	0	0	0	0	0	0	0	0	1	0	0
33	42.8	0	0	0	0	0	0	0	0	0	1	0	0
12.9	22.8	0	0	0	0	0	0	0	0	0	1	0	0
28.5	58.7	0	0	0	0	0	0	0	0	0	1	0	0
22.2	22.3	0	0	0	0	0	0	0	0	0	1	0	0
826.1	NA	0	0	0	0	0	0	0	0	0	1	0	0
902.4	2417	0	0	0	0	0	0	0	0	0	1	0	0
627.4	847.7	0	0	0	0	0	0	0	0	0	1	0	0
528.1	1391.4	0	0	0	0	0	0	0	0	0	1	0	0
1007.9	2386.27	0	0	0	0	0	0	0	0	0	1	0	0
81.8	135.11	0	0	0	0	0	0	0	0	0	1	0	0
238.6	334.13	0	0	0	0	0	0	0	0	0	1	0	0
1084	3119.81	0	0	0	0	0	0	0	0	0	1	0	0
1966.3	6134.15	0	0	0	0	0	0	0	0	0	1	0	0
1410.4	5142.53	0	0	0	0	0	0	0	0	0	1	0	0
1533.2	5638.13	0	0	0	0	0	0	0	0	0	1	0	0
2526.7	8519.35	0	0	0	0	0	0	0	0	0	1	0	0
1185.5	4252.06	0	0	0	0	0	0	0	0	0	1	0	0
1636.5	6336.99	0	0	0	0	0	0	0	0	0	1	0	0
1018.2	2756.94	0	0	0	0	0	0	0	0	0	1	0	0
772.7	NA	0	0	0	0	0	0	0	0	0	1	0	0
534	1724.7	0	0	0	0	0	0	0	0	0	1	0	0
92	160.5	0	0	0	0	0	0	0	0	0	1	0	0
295.2	573	0	0	0	0	0	0	0	0	0	1	0	0
291	543.03	0	0	0	0	0	0	0	0	0	1	0	0
29.6	36.56	0	0	0	0	0	0	0	0	0	1	0	0
45.8	50.45	0	0	0	0	0	0	0	0	0	1	0	0
372.4	679.19	0	0	0	0	0	0	0	0	0	1	0	0
892.4	2224.73	0	0	0	0	0	0	0	0	0	1	0	0
1231.2	3834.23	0	0	0	0	0	0	0	0	0	1	0	0
759.8	1670.93	0	0	0	0	0	0	0	0	0	1	0	0
1824.9	5961.14	0	0	0	0	0	0	0	0	0	1	0	0
531.2	1204.07	0	0	0	0	0	0	0	0	0	1	0	0
1203.1	3367.21	0	0	0	0	0	0	0	0	0	1	0	0
580.2	1187.5	0	0	0	0	0	0	0	0	0	1	0	0
481.19	NA	0	0	0	0	0	0	0	1	0	0	0	0
328.22	1020.61	0	0	0	0	0	0	0	1	0	0	0	0
232.56	697.89	0	0	0	0	0	0	0	1	0	0	0	0
368.49	1229.15	0	0	0	0	0	0	0	1	0	0	0	0
651.85	3077.85	0	0	0	0	0	0	0	1	0	0	0	0
206.39	1217.39	0	0	0	0	0	0	0	1	0	0	0	0
517.91	NA	0	0	0	0	0	0	0	1	0	0	0	0
466.83	986.6	0	0	0	0	0	0	0	1	0	0	0	0
313.52	747.32	0	0	0	0	0	0	0	1	0	0	0	0
349.07	1077.13	0	0	0	0	0	0	0	1	0	0	0	0
260.4	646.4	0	0	0	0	0	0	0	1	0	0	0	0
89.01	234.01	0	0	0	0	0	0	0	1	0	0	0	0
35	NA	0	1	0	0	0	0	0	0	0	0	0	0
35	60.05	0	1	0	0	0	0	0	0	0	0	0	0
6	15.49	0	1	0	0	0	0	0	0	0	0	0	0
35.03	60.27	0	1	0	0	0	0	0	0	0	0	0	0
3.5	58.28	0	1	0	0	0	0	0	0	0	0	0	0
3.5	32.5	0	1	0	0	0	0	0	0	0	0	0	0
35	178.06	0	1	0	0	0	0	0	0	0	0	0	0
1.5	62.42	0	1	0	0	0	0	0	0	0	0	0	0
7.5	45.22	0	1	0	0	0	0	0	0	0	0	0	0
15.03	99.63	0	1	0	0	0	0	0	0	0	0	0	0
15	72.55	0	1	0	0	0	0	0	0	0	0	0	0
2.53	12.94	0	1	0	0	0	0	0	0	0	0	0	0
9	32.2	0	1	0	0	0	0	0	0	0	0	0	0
22.1	33.06	0	1	0	0	0	0	0	0	0	0	0	0
19	35.49	0	1	0	0	0	0	0	0	0	0	0	0
2.5	3.26	0	1	0	0	0	0	0	0	0	0	0	0
9.03	12.41	0	1	0	0	0	0	0	0	0	0	0	0
3.52	3.99	0	1	0	0	0	0	0	0	0	0	0	0
26.57	34.89	0	1	0	0	0	0	0	0	0	0	0	0
18.11	38.63	0	1	0	0	0	0	0	0	0	0	0	0
41.07	45.46	0	1	0	0	0	0	0	0	0	0	0	0
357.25	NA	0	0	1	0	0	0	0	0	0	0	0	0
715.05	1308.89	0	0	1	0	0	0	0	0	0	0	0	0
406	760.82	0	0	1	0	0	0	0	0	0	0	0	0
261.6	415.47	0	0	1	0	0	0	0	0	0	0	0	0
312.9	737.24	0	0	1	0	0	0	0	0	0	0	0	0
370.7	566.68	0	0	1	0	0	0	0	0	0	0	0	0
677.45	1521.05	0	0	1	0	0	0	0	0	0	0	0	0
138.8	176.45	0	0	1	0	0	0	0	0	0	0	0	0
509.38	784.77	0	0	1	0	0	0	0	0	0	0	0	0
769.34	1253.94	0	0	1	0	0	0	0	0	0	0	0	0
808.36	1385.87	0	0	1	0	0	0	0	0	0	0	0	0
766.95	1143.27	0	0	1	0	0	0	0	0	0	0	0	0
423.17	644.73	0	0	1	0	0	0	0	0	0	0	0	0
615.1	2233.2	0	0	1	0	0	0	0	0	0	0	0	0
528.39	774.89	0	0	1	0	0	0	0	0	0	0	0	0
305.17	306.18	0	0	1	0	0	0	0	0	0	0	0	0
164.2	164.3	0	0	1	0	0	0	0	0	0	0	0	0
191.85	235.48	0	0	1	0	0	0	0	0	0	0	0	0
703.76	1056.91	0	0	1	0	0	0	0	0	0	0	0	0
572.3	710.55	0	0	1	0	0	0	0	0	0	0	0	0
876.18	1211.59	0	0	1	0	0	0	0	0	0	0	0	0
204.48	NA	0	0	1	0	0	0	0	0	0	0	0	0
480.55	1857.25	0	0	1	0	0	0	0	0	0	0	0	0
210.9	790.78	0	0	1	0	0	0	0	0	0	0	0	0
537.03	2268.59	0	0	1	0	0	0	0	0	0	0	0	0
416.08	1494.36	0	0	1	0	0	0	0	0	0	0	0	0
568.18	1364.35	0	0	1	0	0	0	0	0	0	0	0	0
2822.73	6628.07	0	0	1	0	0	0	0	0	0	0	0	0
1509.23	2938.38	0	0	1	0	0	0	0	0	0	0	0	0
1139.5	4485.55	0	0	1	0	0	0	0	0	0	0	0	0
1182.3	4249.94	0	0	1	0	0	0	0	0	0	0	0	0
753.7	3544.64	0	0	1	0	0	0	0	0	0	0	0	0
1023.9	6112.82	0	0	1	0	0	0	0	0	0	0	0	0
400.93	926.59	0	0	1	0	0	0	0	0	0	0	0	0
1021.29	1508.33	0	0	1	0	0	0	0	0	0	0	0	0
853.86	3581.34	0	0	1	0	0	0	0	0	0	0	0	0
740.11	3615.58	0	0	1	0	0	0	0	0	0	0	0	0
403.27	984.04	0	0	1	0	0	0	0	0	0	0	0	0
638.85	1240.06	0	0	1	0	0	0	0	0	0	0	0	0
1429.76	6073.83	0	0	1	0	0	0	0	0	0	0	0	0
1448.58	9159.52	0	0	1	0	0	0	0	0	0	0	0	0
954.62	2854.81	0	0	1	0	0	0	0	0	0	0	0	0
260.61	NA	0	1	0	0	0	0	0	0	0	0	0	0
545.29	1184.32	0	1	0	0	0	0	0	0	0	0	0	0
351.38	1202.64	0	1	0	0	0	0	0	0	0	0	0	0
781.08	1810.23	0	1	0	0	0	0	0	0	0	0	0	0
283.41	1085.04	0	1	0	0	0	0	0	0	0	0	0	0
1571.37	3052.16	0	1	0	0	0	0	0	0	0	0	0	0
3910.09	16054.13	0	1	0	0	0	0	0	0	0	0	0	0
763.13	3594.02	0	1	0	0	0	0	0	0	0	0	0	0
939.85	3059.85	0	1	0	0	0	0	0	0	0	0	0	0
2095	7445.62	0	1	0	0	0	0	0	0	0	0	0	0
731.1	2743.46	0	1	0	0	0	0	0	0	0	0	0	0
1356.1	2440.87	0	1	0	0	0	0	0	0	0	0	0	0
1469.9	4235.82	0	1	0	0	0	0	0	0	0	0	0	0
1382.2	3289.43	0	1	0	0	0	0	0	0	0	0	0	0
2293.48	4053.95	0	1	0	0	0	0	0	0	0	0	0	0
1127.73	2011.08	0	1	0	0	0	0	0	0	0	0	0	0
195.59	234.53	0	1	0	0	0	0	0	0	0	0	0	0
967.21	1138.27	0	1	0	0	0	0	0	0	0	0	0	0
3271.54	6692.27	0	1	0	0	0	0	0	0	0	0	0	0
5204.57	13911.81	0	1	0	0	0	0	0	0	0	0	0	0
2759.84	6394.9	0	1	0	0	0	0	0	0	0	0	0	0
47.33	NA	0	1	0	0	0	0	0	0	0	0	0	0
44.75	201.3	0	1	0	0	0	0	0	0	0	0	0	0
5.95	47.74	0	1	0	0	0	0	0	0	0	0	0	0
52.7	146.84	0	1	0	0	0	0	0	0	0	0	0	0
24.13	172.41	0	1	0	0	0	0	0	0	0	0	0	0
5.85	113.77	0	1	0	0	0	0	0	0	0	0	0	0
121.93	779.73	0	1	0	0	0	0	0	0	0	0	0	0
68.85	276.44	0	1	0	0	0	0	0	0	0	0	0	0
118.65	375.25	0	1	0	0	0	0	0	0	0	0	0	0
111.05	1559.61	0	1	0	0	0	0	0	0	0	0	0	0
144.18	329.88	0	1	0	0	0	0	0	0	0	0	0	0
502.4	1312.6	0	1	0	0	0	0	0	0	0	0	0	0
214.85	574.49	0	1	0	0	0	0	0	0	0	0	0	0
259.6	843.77	0	1	0	0	0	0	0	0	0	0	0	0
109.65	482.83	0	1	0	0	0	0	0	0	0	0	0	0
135.8	146.71	0	1	0	0	0	0	0	0	0	0	0	0
100	101.95	0	1	0	0	0	0	0	0	0	0	0	0
138.1	217.84	0	1	0	0	0	0	0	0	0	0	0	0
289.82	440.59	0	1	0	0	0	0	0	0	0	0	0	0
242.15	390.93	0	1	0	0	0	0	0	0	0	0	0	0
257.2	410.56	0	1	0	0	0	0	0	0	0	0	0	0
30	NA	0	0	0	0	0	0	0	0	1	0	0	0
20	143.6	0	0	0	0	0	0	0	0	1	0	0	0
71.3	89.6	0	0	0	0	0	0	0	0	1	0	0	0
81.4	311.6	0	0	0	0	0	0	0	0	1	0	0	0
43.6	89.9	0	0	0	0	0	0	0	0	1	0	0	0
5.8	37.4	0	0	0	0	0	0	0	0	1	0	0	0
4	37.5	0	0	0	0	0	0	0	0	1	0	0	0
12.3	121.1	0	0	0	0	0	0	0	0	1	0	0	0
10.7	147.8	0	0	0	0	0	0	0	0	1	0	0	0
3	183.9	0	0	0	0	0	0	0	0	1	0	0	0
2.4	85.4	0	0	0	0	0	0	0	0	1	0	0	0
123.2	288.4	0	0	0	0	0	0	0	0	1	0	0	0
22.4	191.3	0	0	0	0	0	0	0	0	1	0	0	0
6	100.5	0	0	0	0	0	0	0	0	1	0	0	0
83.9	NA	0	0	0	0	0	0	0	0	1	0	0	0
131.1	203	0	0	0	0	0	0	0	0	1	0	0	0
62.6	80	0	0	0	0	0	0	0	0	1	0	0	0
66.1	111.5	0	0	0	0	0	0	0	0	1	0	0	0
60.7	88.6	0	0	0	0	0	0	0	0	1	0	0	0
3.1	3.9	0	0	0	0	0	0	0	0	1	0	0	0
9.8	31.9	0	0	0	0	0	0	0	0	1	0	0	0
66	82.6	0	0	0	0	0	0	0	0	1	0	0	0
101.2	162.4	0	0	0	0	0	0	0	0	1	0	0	0
99.4	208.1	0	0	0	0	0	0	0	0	1	0	0	0
26.1	106.7	0	0	0	0	0	0	0	0	1	0	0	0
94	141.3	0	0	0	0	0	0	0	0	1	0	0	0
121.9	166	0	0	0	0	0	0	0	0	1	0	0	0
216.4	534.8	0	0	0	0	0	0	0	0	1	0	0	0
131.9	365.6	0	0	0	0	0	0	0	0	1	0	0	0
401.7	NA	0	0	0	0	0	0	0	0	1	0	0	0
605.7	1857.2	0	0	0	0	0	0	0	0	1	0	0	0
302.2	688.4	0	0	0	0	0	0	0	0	1	0	0	0
390.3	913.7	0	0	0	0	0	0	0	0	1	0	0	0
201.7	470.6	0	0	0	0	0	0	0	0	1	0	0	0
15.9	28.8	0	0	0	0	0	0	0	0	1	0	0	0
76.2	76.8	0	0	0	0	0	0	0	0	1	0	0	0
228.8	257.6	0	0	0	0	0	0	0	0	1	0	0	0
309.3	396.1	0	0	0	0	0	0	0	0	1	0	0	0
425.5	898	0	0	0	0	0	0	0	0	1	0	0	0
301.5	390.6	0	0	0	0	0	0	0	0	1	0	0	0
486.5	544.2	0	0	0	0	0	0	0	0	1	0	0	0
580.7	630.3	0	0	0	0	0	0	0	0	1	0	0	0
1005.4	2011.8	0	0	0	0	0	0	0	0	1	0	0	0
811.4	852	0	0	0	0	0	0	0	0	1	0	0	0
242	NA	0	0	0	0	0	0	0	0	1	0	0	0
165	277.9	0	0	0	0	0	0	0	0	1	0	0	0
179.3	352.5	0	0	0	0	0	0	0	0	1	0	0	0
151.3	446.9	0	0	0	0	0	0	0	0	1	0	0	0
202	644.7	0	0	0	0	0	0	0	0	1	0	0	0
8.6	23.5	0	0	0	0	0	0	0	0	1	0	0	0
77.4	90.8	0	0	0	0	0	0	0	0	1	0	0	0
114.2	250	0	0	0	0	0	0	0	0	1	0	0	0
333.4	752.7	0	0	0	0	0	0	0	0	1	0	0	0
139.5	356	0	0	0	0	0	0	0	0	1	0	0	0
45.9	648.3	0	0	0	0	0	0	0	0	1	0	0	0
188	361.8	0	0	0	0	0	0	0	0	1	0	0	0
43.8	244.6	0	0	0	0	0	0	0	0	1	0	0	0
232.4	1373.8	0	0	0	0	0	0	0	0	1	0	0	0
44.3	180.1	0	0	0	0	0	0	0	0	1	0	0	0
208.2	NA	0	0	0	0	0	0	1	0	0	0	0	0
287	1819	0	0	0	0	0	0	1	0	0	0	0	0
155.4	870.6	0	0	0	0	0	0	1	0	0	0	0	0
110	417	0	0	0	0	0	0	1	0	0	0	0	0
86.1	165.3	0	0	0	0	0	0	1	0	0	0	0	0
90.1	461.2	0	0	0	0	0	0	1	0	0	0	0	0
21.4	21.4	0	0	0	0	0	0	1	0	0	0	0	0
3.7	4.5	0	0	0	0	0	0	1	0	0	0	0	0
15.8	15.8	0	0	0	0	0	0	1	0	0	0	0	0
65.2	128.5	0	0	0	0	0	0	1	0	0	0	0	0
86.6	223.1	0	0	0	0	0	0	1	0	0	0	0	0
52.6	109.2	0	0	0	0	0	0	1	0	0	0	0	0
102.3	186.9	0	0	0	0	0	0	1	0	0	0	0	0
86.4	390.4	0	0	0	0	0	0	1	0	0	0	0	0
50.3	56.2	0	0	0	0	0	0	1	0	0	0	0	0
127.1	318.3	0	0	0	0	0	0	1	0	0	0	0	0
50	NA	0	0	0	0	0	0	1	0	0	0	0	0
156	390.8	0	0	0	0	0	0	1	0	0	0	0	0
94.5	223.8	0	0	0	0	0	0	1	0	0	0	0	0
140	213.8	0	0	0	0	0	0	1	0	0	0	0	0
102.3	151.5	0	0	0	0	0	0	1	0	0	0	0	0
94.8	218.6	0	0	0	0	0	0	1	0	0	0	0	0
22	25	0	0	0	0	0	0	1	0	0	0	0	0
33.9	75.2	0	0	0	0	0	0	1	0	0	0	0	0
59.3	69.5	0	0	0	0	0	0	1	0	0	0	0	0
77.4	133.5	0	0	0	0	0	0	1	0	0	0	0	0
170.1	330.9	0	0	0	0	0	0	1	0	0	0	0	0
99.2	209.8	0	0	0	0	0	0	1	0	0	0	0	0
109.3	173	0	0	0	0	0	0	1	0	0	0	0	0
95.4	223.7	0	0	0	0	0	0	1	0	0	0	0	0
46.2	62.4	0	0	0	0	0	0	1	0	0	0	0	0
74.9	78.5	0	0	0	0	0	0	1	0	0	0	0	0
203.37	NA	0	0	0	0	0	0	0	0	0	0	0	1
271.25	292.02	0	0	0	0	0	0	0	0	0	0	0	1
39.6	47.9	0	0	0	0	0	0	0	0	0	0	0	1
25.35	54.66	0	0	0	0	0	0	0	0	0	0	0	1
28.59	54.64	0	0	0	0	0	0	0	0	0	0	0	1
423.16	497.67	0	0	0	0	0	0	0	0	0	0	0	1
110.78	132.28	0	0	0	0	0	0	0	0	0	0	0	1
442.92	487.18	0	0	0	0	0	0	0	0	0	0	0	1
318.94	407.53	0	0	0	0	0	0	0	0	0	0	0	1
4.89	NA	0	0	0	0	1	0	0	0	0	0	0	0
6	6.04	0	0	0	0	1	0	0	0	0	0	0	0
14.02	33.19	0	0	0	0	1	0	0	0	0	0	0	0
15	30.5	0	0	0	0	1	0	0	0	0	0	0	0
30	126.11	0	0	0	0	1	0	0	0	0	0	0	0
26.1	27.42	0	0	0	0	1	0	0	0	0	0	0	0
48	48.61	0	0	0	0	1	0	0	0	0	0	0	0
30.7	31.26	0	0	0	0	1	0	0	0	0	0	0	0
30	126.58	0	0	0	0	1	0	0	0	0	0	0	0
41.4	42.97	0	0	0	0	1	0	0	0	0	0	0	0
297.75	NA	1	0	0	0	0	0	0	0	0	0	0	0
300.33	1220.63	1	0	0	0	0	0	0	0	0	0	0	0
386	1752.57	1	0	0	0	0	0	0	0	0	0	0	0
165.1	509.32	1	0	0	0	0	0	0	0	0	0	0	0
480.9	1232.09	1	0	0	0	0	0	0	0	0	0	0	0
477	1330.97	1	0	0	0	0	0	0	0	0	0	0	0
779.93	4218.87	1	0	0	0	0	0	0	0	0	0	0	0
878.43	4582.91	1	0	0	0	0	0	0	0	0	0	0	0
675.08	3016.74	1	0	0	0	0	0	0	0	0	0	0	0
563.77	1293.57	1	0	0	0	0	0	0	0	0	0	0	0
918.39	2468.75	1	0	0	0	0	0	0	0	0	0	0	0
1432.7	5210.74	1	0	0	0	0	0	0	0	0	0	0	0
926.98	2208.82	1	0	0	0	0	0	0	0	0	0	0	0
1248.98	2382.83	1	0	0	0	0	0	0	0	0	0	0	0
504.4	689.54	1	0	0	0	0	0	0	0	0	0	0	0
284.62	501.1	1	0	0	0	0	0	0	0	0	0	0	0
1176.89	1678.15	1	0	0	0	0	0	0	0	0	0	0	0
1762.71	2610.39	1	0	0	0	0	0	0	0	0	0	0	0
3299.77	7176.67	1	0	0	0	0	0	0	0	0	0	0	0
19.5	NA	0	0	0	0	0	0	1	0	0	0	0	0
30	333.2	0	0	0	0	0	0	1	0	0	0	0	0
20	33.5	0	0	0	0	0	0	1	0	0	0	0	0
20	33.9	0	0	0	0	0	0	1	0	0	0	0	0
42	126.2	0	0	0	0	0	0	1	0	0	0	0	0
5.7	5.7	0	0	0	0	0	0	1	0	0	0	0	0
0.8	0.8	0	0	0	0	0	0	1	0	0	0	0	0
15	15	0	0	0	0	0	0	1	0	0	0	0	0
34.1	34.2	0	0	0	0	0	0	1	0	0	0	0	0
407.5	508.1	0	0	0	0	0	0	1	0	0	0	0	0
90.5	124	0	0	0	0	0	0	1	0	0	0	0	0
128.8	262.5	0	0	0	0	0	0	1	0	0	0	0	0
1337	1757.8	0	0	0	0	0	0	1	0	0	0	0	0
64	118.9	0	0	0	0	0	0	1	0	0	0	0	0
22.8	23.5	0	0	0	0	0	0	1	0	0	0	0	0
839.9	NA	0	0	0	0	0	0	0	1	0	0	0	0
588.9	1416.48	0	0	0	0	0	0	0	1	0	0	0	0
581.12	979.99	0	0	0	0	0	0	0	1	0	0	0	0
707.22	1309.34	0	0	0	0	0	0	0	1	0	0	0	0
856.7	3730.7	0	0	0	0	0	0	0	1	0	0	0	0
498.44	911.44	0	0	0	0	0	0	0	1	0	0	0	0
529.89	NA	0	0	0	0	0	0	0	1	0	0	0	0
524.5	1106.38	0	0	0	0	0	0	0	1	0	0	0	0
494.78	839.52	0	0	0	0	0	0	0	1	0	0	0	0
592.71	1398.89	0	0	0	0	0	0	0	1	0	0	0	0
901	2649	0	0	0	0	0	0	0	1	0	0	0	0
649.51	1525.51	0	0	0	0	0	0	0	1	0	0	0	0
4086.95	NA	0	0	0	0	0	0	0	1	0	0	0	0
3461.81	8739.94	0	0	0	0	0	0	0	1	0	0	0	0
2897.97	11828.66	0	0	0	0	0	0	0	1	0	0	0	0
2090.57	10255.65	0	0	0	0	0	0	0	1	0	0	0	0
1736.5	8257.5	0	0	0	0	0	0	0	1	0	0	0	0
4581.56	7581.56	0	0	0	0	0	0	0	1	0	0	0	0
33.14	NA	0	0	0	0	0	1	0	0	0	0	0	0
11.75	11.75	0	0	0	0	0	1	0	0	0	0	0	0
13.79	13.79	0	0	0	0	0	1	0	0	0	0	0	0
56.69	56.69	0	0	0	0	0	1	0	0	0	0	0	0
118.4	119.35	0	0	0	0	0	1	0	0	0	0	0	0
132.38	138.82	0	0	0	0	0	1	0	0	0	0	0	0
191.81	203.4	0	0	0	0	0	1	0	0	0	0	0	0
44.68	44.68	0	0	0	0	0	1	0	0	0	0	0	0
67.99	67.99	0	0	0	0	0	1	0	0	0	0	0	0
113.57	124.23	0	0	0	0	0	1	0	0	0	0	0	0
126.76	NA	0	0	0	0	0	0	0	0	0	0	0	1
371.72	390.27	0	0	0	0	0	0	0	0	0	0	0	1
83.56	91.39	0	0	0	0	0	0	0	0	0	0	0	1
58.76	74.63	0	0	0	0	0	0	0	0	0	0	0	1
35.57	50.15	0	0	0	0	0	0	0	0	0	0	0	1
73.76	125.13	0	0	0	0	0	0	0	0	0	0	0	1
984.33	994.32	0	0	0	0	0	0	0	0	0	0	0	1
523.28	542.05	0	0	0	0	0	0	0	0	0	0	0	1
830.14	859.34	0	0	0	0	0	0	0	0	0	0	0	1
277.13	292.96	0	0	0	0	0	0	0	0	0	0	0	1
302.35	317.81	0	0	0	0	0	0	0	0	0	0	0	1
590.85	591.35	0	0	0	0	0	0	0	0	0	0	0	1
70.14	NA	0	0	0	0	0	0	0	0	0	0	0	1
397.8	430.05	0	0	0	0	0	0	0	0	0	0	0	1
639.67	677.38	0	0	0	0	0	0	0	0	0	0	0	1
2388.21	2405.39	0	0	0	0	0	0	0	0	0	0	0	1
60.47	69.19	0	0	0	0	0	0	0	0	0	0	0	1
8.19	10.53	0	0	0	0	0	0	0	0	0	0	0	1
44.18	46.41	0	0	0	0	0	0	0	0	0	0	0	1
146.36	NA	0	0	0	0	0	0	0	0	0	0	1	0
543.01	1423.44	0	0	0	0	0	0	0	0	0	0	1	0
910.06	2407.88	0	0	0	0	0	0	0	0	0	0	1	0
1442.42	3779.49	0	0	0	0	0	0	0	0	0	0	1	0
2161.12	3866.27	0	0	0	0	0	0	0	0	0	0	1	0
152.58	570.41	0	0	0	0	0	0	0	0	0	0	1	0
58.54	126.49	0	0	0	0	0	0	0	0	0	0	1	0
585.52	999.13	0	0	0	0	0	0	0	0	0	0	1	0
863.43	1603.02	0	0	0	0	0	0	0	0	0	0	1	0
9386.48	13734.81	0	0	0	0	0	0	0	0	0	0	1	0
2785.2	4987.74	0	0	0	0	0	0	0	0	0	0	1	0
1656.66	2995.93	0	0	0	0	0	0	0	0	0	0	1	0
2926.45	6053.61	0	0	0	0	0	0	0	0	0	0	1	0
72.19	339.31	0	0	0	0	0	0	0	0	0	0	1	0
494.61	738.5	0	0	0	0	0	0	0	0	0	0	1	0
364.93	NA	0	0	0	0	0	1	0	0	0	0	0	0
387.09	745.42	0	0	0	0	0	1	0	0	0	0	0	0
344.47	344.47	0	0	0	0	0	1	0	0	0	0	0	0
256.88	256.88	0	0	0	0	0	1	0	0	0	0	0	0
472.08	1853.02	0	0	0	0	0	1	0	0	0	0	0	0
279.12	1795.2	0	0	0	0	0	1	0	0	0	0	0	0
535.96	3676.09	0	0	0	0	0	1	0	0	0	0	0	0
573.07	3532.67	0	0	0	0	0	1	0	0	0	0	0	0
1209.74	5734.77	0	0	0	0	0	1	0	0	0	0	0	0
356.38	2844.92	0	0	0	0	0	1	0	0	0	0	0	0
362.37	843.69	0	0	0	0	0	1	0	0	0	0	0	0
443.66	8414.02	0	0	0	0	0	1	0	0	0	0	0	0
179.12	NA	0	0	0	0	0	1	0	0	0	0	0	0
140.66	231.1	0	0	0	0	0	1	0	0	0	0	0	0
79.06	79.06	0	0	0	0	0	1	0	0	0	0	0	0
94.65	94.65	0	0	0	0	0	1	0	0	0	0	0	0
117.59	199.96	0	0	0	0	0	1	0	0	0	0	0	0
164.03	380.73	0	0	0	0	0	1	0	0	0	0	0	0
307.68	1579.07	0	0	0	0	0	1	0	0	0	0	0	0
482.86	1229.98	0	0	0	0	0	1	0	0	0	0	0	0
792.56	2037.6	0	0	0	0	0	1	0	0	0	0	0	0
155.83	303.1	0	0	0	0	0	1	0	0	0	0	0	0
152.54	154.32	0	0	0	0	0	1	0	0	0	0	0	0
304.09	316.42	0	0	0	0	0	1	0	0	0	0	0	0
155.5	NA	0	0	0	0	0	0	0	0	1	0	0	0
72	194.6	0	0	0	0	0	0	0	0	1	0	0	0
90	178.2	0	0	0	0	0	0	0	0	1	0	0	0
128.7	324.8	0	0	0	0	0	0	0	0	1	0	0	0
72.6	444	0	0	0	0	0	0	0	0	1	0	0	0
7.8	19.8	0	0	0	0	0	0	0	0	1	0	0	0
60.2	60.2	0	0	0	0	0	0	0	0	1	0	0	0
89.3	194.5	0	0	0	0	0	0	0	0	1	0	0	0
157.5	438.3	0	0	0	0	0	0	0	0	1	0	0	0
74.8	189.4	0	0	0	0	0	0	0	0	1	0	0	0
13.4	31.7	0	0	0	0	0	0	0	0	1	0	0	0
109.8	110.6	0	0	0	0	0	0	0	0	1	0	0	0
180.5	341.8	0	0	0	0	0	0	0	0	1	0	0	0
181.3	592.5	0	0	0	0	0	0	0	0	1	0	0	0
88.4	133.8	0	0	0	0	0	0	0	0	1	0	0	0
608.45	NA	0	0	0	1	0	0	0	0	0	0	0	0
1565.48	2052.75	0	0	0	1	0	0	0	0	0	0	0	0
1819.1	9030.79	0	0	0	1	0	0	0	0	0	0	0	0
1929.06	6690.11	0	0	0	1	0	0	0	0	0	0	0	0
3067.44	12908.29	0	0	0	1	0	0	0	0	0	0	0	0
2882.64	8059.56	0	0	0	1	0	0	0	0	0	0	0	0
3566.05	6761.22	0	0	0	1	0	0	0	0	0	0	0	0
2190.82	2792.32	0	0	0	1	0	0	0	0	0	0	0	0
1309.35	1348.2	0	0	0	1	0	0	0	0	0	0	0	0
4686.75	7325.09	0	0	0	1	0	0	0	0	0	0	0	0
3963.7	5318.08	0	0	0	1	0	0	0	0	0	0	0	0
6834.68	17654.94	0	0	0	1	0	0	0	0	0	0	0	0
5886.19	9645.55	0	0	0	1	0	0	0	0	0	0	0	0
5350.78	6241.22	0	0	0	1	0	0	0	0	0	0	0	0
4129.31	6098.36	0	0	0	1	0	0	0	0	0	0	0	0
6541.01	11976.21	0	0	0	1	0	0	0	0	0	0	0	0
261.42	NA	0	0	0	1	0	0	0	0	0	0	0	0
508.3	571.21	0	0	0	1	0	0	0	0	0	0	0	0
707.74	778.14	0	0	0	1	0	0	0	0	0	0	0	0
507.54	533.55	0	0	0	1	0	0	0	0	0	0	0	0
543.25	584.78	0	0	0	1	0	0	0	0	0	0	0	0
522.63	587.35	0	0	0	1	0	0	0	0	0	0	0	0
760.05	804.88	0	0	0	1	0	0	0	0	0	0	0	0
997.92	1052.41	0	0	0	1	0	0	0	0	0	0	0	0
898.33	996.48	0	0	0	1	0	0	0	0	0	0	0	0
1941.62	2076.28	0	0	0	1	0	0	0	0	0	0	0	0
826.88	897.5	0	0	0	1	0	0	0	0	0	0	0	0
1688.52	2161.26	0	0	0	1	0	0	0	0	0	0	0	0
2394.27	3626.91	0	0	0	1	0	0	0	0	0	0	0	0
1025.13	1234.68	0	0	0	1	0	0	0	0	0	0	0	0
657.85	714.17	0	0	0	1	0	0	0	0	0	0	0	0
1101.88	1266.68	0	0	0	1	0	0	0	0	0	0	0	0
1363.4	NA	0	0	0	1	0	0	0	0	0	0	0	0
3295.48	14302.77	0	0	0	1	0	0	0	0	0	0	0	0
5441.8	16700.79	0	0	0	1	0	0	0	0	0	0	0	0
7114.73	22764.43	0	0	0	1	0	0	0	0	0	0	0	0
4591.56	19792.26	0	0	0	1	0	0	0	0	0	0	0	0
3810.11	9221.73	0	0	0	1	0	0	0	0	0	0	0	0
4109.36	13262.36	0	0	0	1	0	0	0	0	0	0	0	0
3855.72	8076.72	0	0	0	1	0	0	0	0	0	0	0	0
8758.96	13915.96	0	0	0	1	0	0	0	0	0	0	0	0
12055.23	30480.23	0	0	0	1	0	0	0	0	0	0	0	0
12684.34	25591.34	0	0	0	1	0	0	0	0	0	0	0	0
9476.02	22393.02	0	0	0	1	0	0	0	0	0	0	0	0
18803.27	38440.27	0	0	0	1	0	0	0	0	0	0	0	0
31929.92	76929.92	0	0	0	1	0	0	0	0	0	0	0	0
8522.48	17569.48	0	0	0	1	0	0	0	0	0	0	0	0
15757.44	42457.44	0	0	0	1	0	0	0	0	0	0	0	0
210	NA	0	0	0	0	1	0	0	0	0	0	0	0
210	242.74	0	0	0	0	1	0	0	0	0	0	0	0
60	63.68	0	0	0	0	1	0	0	0	0	0	0	0
38.08	45.97	0	0	0	0	1	0	0	0	0	0	0	0
360	373.41	0	0	0	0	1	0	0	0	0	0	0	0
250	294.3	0	0	0	0	1	0	0	0	0	0	0	0
40.3	47.05	0	0	0	0	1	0	0	0	0	0	0	0
113.16	127.15	0	0	0	0	1	0	0	0	0	0	0	0
255	261.18	0	0	0	0	1	0	0	0	0	0	0	0
78.75	97.47	0	0	0	0	1	0	0	0	0	0	0	0
525	553.51	0	0	0	0	1	0	0	0	0	0	0	0
12.4	NA	0	0	0	0	0	0	0	0	0	0	0	1
54.93	86.3	0	0	0	0	0	0	0	0	0	0	0	1
154.29	254.96	0	0	0	0	0	0	0	0	0	0	0	1
10.61	52.13	0	0	0	0	0	0	0	0	0	0	0	1
21.81	171.28	0	0	0	0	0	0	0	0	0	0	0	1
127.9	350.11	0	0	0	0	0	0	0	0	0	0	0	1
173.35	336.25	0	0	0	0	0	0	0	0	0	0	0	1
458.39	475.81	0	0	0	0	0	0	0	0	0	0	0	1
236.49	236.49	0	0	0	0	0	0	0	0	0	0	0	1
112.77	136.5	0	0	0	0	0	0	0	0	0	0	0	1
25.69	25.69	0	0	0	0	0	0	0	0	0	0	0	1
