"V1"
c(-0.744689048842215, -0.190795668685316, -0.773416634458282, -0.151478198465233, 0.389908371168704, -0.0639475960701393, 0.474466916939309, -0.696753190351361, 2.21074903997497, -1.33182572536399, -0.0723170556200863, 1.65493167187541, 0.000847991557177537, 0.000901998086876314, 0.00102628593203984, 0.00125240949566885, 0.00113769017695814, 0.0016050325142415, 0.00271274371246829, 0.000784550523736686, 0.00330238688144791, 0.00127267499382874, 0.000321431942793587, 0.00571462005143579, 8.47991557177537e-06, 
9.01998086876314e-06, 1.02628593203984e-05, 1.25240949566885e-05, 1.13769017695814e-05, 1.6050325142415e-05, 2.71274371246829e-05, 7.84550523736686e-06, 3.30238688144791e-05, 1.27267499382874e-05, 3.21431942793587e-06, 5.71462005143579e-05, 1.08037310441782e-05, 1.15732174470469e-05, 1.3074671222353e-05, 1.57802804224016e-05, 1.45185742711447e-05, 2.06220568683105e-05, 3.42953751797129e-05, 1.00419604824131e-05, 4.2010902284436e-05, 1.62309301231455e-05, 3.96246516110164e-06, 7.07644828506496e-05
)
c(-0.746358381439086, -0.192571460905949, -0.775384001301167, -0.153957919378815, 0.387712658555574, -0.0670583852564329, 0.469294231047308, -0.69827517597587, 2.20411777533371, -1.33438944118728, -0.072943912428857, 1.64397672338773, -0.745253777028753, -0.191408811802586, -0.774111852746053, -0.152314467833855, 0.389126600839451, -0.0650394145272599, 0.472600946982692, -0.697290922449017, 2.20850685670447, -1.332651396428, -0.0725334621373766, 1.65101030284542, -0.744692684621197, -0.190794042070905, 
-0.773424426463845, -0.151469896639657, 0.389909955149012, -0.0639557274941447, 0.4744729746572, -0.696749863212571, 2.21074575731624, -1.33180826826304, -0.0723168501029404, 1.65485714584272, -0.744119828050617, -0.190184760677877, -0.772726948186633, -0.150647127892827, 0.390694422327561, -0.0628690045319749, 0.476291381413714, -0.69622650334085, 2.21298303621149, -1.33096773349657, -0.0721075643249131, 1.6588513196503, -0.743006700789776, -0.189017081330113, -0.771364081727148, -0.149013538257431, 
0.392150486665012, -0.0607440920147532, 0.479829320588769, -0.69524048381822, 2.21723532654498, -1.3293709013861, -0.0716802311904412, 1.66622923028365)
10001
15000
1
2
